1000	0.0000027374200000	500.50	1	1000
1050	0.0000026937333333	525.50	1	1050
1100	0.0000028756363636	550.50	1	1100
1150	0.0000030813478261	575.50	1	1150
1200	0.0000031827416667	600.50	1	1200
1250	0.0000033822960000	625.50	1	1250
1300	0.0000033246769231	650.50	1	1300
1350	0.0000034477037037	675.50	1	1350
1400	0.0000038756642857	700.50	1	1400
1450	0.0000039416482759	725.50	1	1450
1500	0.0000038320266667	750.50	1	1500
1550	0.0000039603870968	775.50	1	1550
1600	0.0000040728937500	800.50	1	1600
1650	0.0000042635454545	825.50	1	1650
1700	0.0000043412764706	850.50	1	1700
1750	0.0000044622285714	875.50	1	1750
1800	0.0000045873166667	900.50	1	1800
1850	0.0000047471783784	925.50	1	1850
1900	0.0000048381894737	950.50	1	1900
1950	0.0000049637179487	975.50	1	1950
2000	0.0000050887550000	1000.50	1	2000
2050	0.0000054330243902	1025.50	1	2050
2100	0.0000053394380952	1050.50	1	2100
2150	0.0000054642883721	1075.50	1	2150
2200	0.0000055946045455	1100.50	1	2200
2250	0.0000057265644444	1125.50	1	2250
2300	0.0000058429608696	1150.50	1	2300
2350	0.0000059724723404	1175.50	1	2350
2400	0.0000060974791667	1200.50	1	2400
2450	0.0000062220122449	1225.50	1	2450
2500	0.0000063478760000	1250.50	1	2500
2550	0.0000064737607843	1275.50	1	2550
2600	0.0000065995000000	1300.50	1	2600
2650	0.0000067257735849	1325.50	1	2650
2700	0.0000068529851852	1350.50	1	2700
2750	0.0000069809490909	1375.50	1	2750
2800	0.0000071037571429	1400.50	1	2800
2850	0.0000072302070175	1425.50	1	2850
2900	0.0000073617275862	1450.50	1	2900
2950	0.0000074831525424	1475.50	1	2950
3000	0.0000076115766667	1500.50	1	3000
3050	0.0000077360459016	1525.50	1	3050
3100	0.0000078616967742	1550.50	1	3100
3150	0.0000080590571429	1575.50	1	3150
3200	0.0000081133000000	1600.50	1	3200
3250	0.0000082549723077	1625.50	1	3250
3300	0.0000083744212121	1650.50	1	3300
3350	0.0000085036746269	1675.50	1	3350
3400	0.0000086178705882	1700.50	1	3400
3450	0.0000087467884058	1725.50	1	3450
3500	0.0000089260800000	1750.50	1	3500
3550	0.0000090297408451	1775.50	1	3550
3600	0.0000091226472222	1800.50	1	3600
3650	0.0000092493178082	1825.50	1	3650
3700	0.0000093720135135	1850.50	1	3700
3750	0.0000094979840000	1875.50	1	3750
3800	0.0000096270631579	1900.50	1	3800
3850	0.0000097776519481	1925.50	1	3850
3900	0.0000098823512821	1950.50	1	3900
3950	0.0000100092531646	1975.50	1	3950
4000	0.0000101319225000	2000.50	1	4000
4050	0.0000102589777778	2025.50	1	4050
4100	0.0000103873829268	2050.50	1	4100
4150	0.0000105154457831	2075.50	1	4150
4200	0.0000106592690476	2100.50	1	4200
4250	0.0000107560305882	2125.50	1	4250
4300	0.0000108944116279	2150.50	1	4300
4350	0.0000110021770115	2175.50	1	4350
4400	0.0000111296340909	2200.50	1	4400
4450	0.0000112552471910	2225.50	1	4450
4500	0.0000113989666667	2250.50	1	4500
4550	0.0000115118000000	2275.50	1	4550
4600	0.0000116301826087	2300.50	1	4600
4650	0.0000117804193548	2325.50	1	4650
4700	0.0000119072468085	2350.50	1	4700
4750	0.0000120167305263	2375.50	1	4750
4800	0.0000121381520833	2400.50	1	4800
4850	0.0000123204639175	2425.50	1	4850
4900	0.0000123954183673	2450.50	1	4900
4950	0.0000125513050505	2475.50	1	4950
5000	0.0000126595420000	2500.50	1	5000
5050	0.0000128064891089	2525.50	1	5050
5100	0.0000129132647059	2550.50	1	5100
5150	0.0000130782349515	2575.50	1	5150
5200	0.0000133556557692	2600.50	1	5200
5250	0.0000140570819048	2625.50	1	5250
5300	0.0000145188207547	2650.50	1	5300
5350	0.0000139948261682	2675.50	1	5350
5400	0.0000137500240741	2700.50	1	5400
5450	0.0000138588238532	2725.50	1	5450
5500	0.0000143126054545	2750.50	1	5500
5550	0.0000140772288288	2775.50	1	5550
5600	0.0000141720732143	2800.50	1	5600
5650	0.0000145106637168	2825.50	1	5650
5700	0.0000144572666667	2850.50	1	5700
5750	0.0000150186191304	2875.50	1	5750
5800	0.0000147626517241	2900.50	1	5800
5850	0.0000148897008547	2925.50	1	5850
5900	0.0000150117457627	2950.50	1	5900
5950	0.0000151242521008	2975.50	1	5950
6000	0.0000153390450000	3000.50	1	6000
6050	0.0000156966611570	3025.50	1	6050
6100	0.0000159405655738	3050.50	1	6100
6150	0.0000158404666667	3075.50	1	6150
6200	0.0000160893887097	3100.50	1	6200
6250	0.0000160887664000	3125.50	1	6250
6300	0.0000163733317460	3150.50	1	6300
6350	0.0000163396409449	3175.50	1	6350
6400	0.0000162674156250	3200.50	1	6400
6450	0.0000168885844961	3225.50	1	6450
6500	0.0000170839415385	3250.50	1	6500
6550	0.0000169034977099	3275.50	1	6550
6600	0.0000169062363636	3300.50	1	6600
6650	0.0000169016992481	3325.50	1	6650
6700	0.0000170461104478	3350.50	1	6700
6750	0.0000171545007407	3375.50	1	6750
6800	0.0000172788191176	3400.50	1	6800
6850	0.0000174147766423	3425.50	1	6850
6900	0.0000175184695652	3450.50	1	6900
6950	0.0000176651151079	3475.50	1	6950
7000	0.0000177550371429	3500.50	1	7000
7050	0.0000179041191489	3525.50	1	7050
7100	0.0000180352126761	3550.50	1	7100
7150	0.0000181376321678	3575.50	1	7150
7200	0.0000182824986111	3600.50	1	7200
7250	0.0000185848220690	3625.50	1	7250
7300	0.0000187894493151	3650.50	1	7300
7350	0.0000186716870748	3675.50	1	7350
7400	0.0000187162594595	3700.50	1	7400
7450	0.0000188533087248	3725.50	1	7450
7500	0.0000189821866667	3750.50	1	7500
7550	0.0000191675178808	3775.50	1	7550
7600	0.0000192449144737	3800.50	1	7600
7650	0.0000194433607843	3825.50	1	7650
7700	0.0000195735116883	3850.50	1	7700
7750	0.0000196804722581	3875.50	1	7750
7800	0.0000198315192308	3900.50	1	7800
7850	0.0000199549044586	3925.50	1	7850
7900	0.0000200744000000	3950.50	1	7900
7950	0.0000202318817610	3975.50	1	7950
8000	0.0000203288012500	4000.50	1	8000
8050	0.0000204717093168	4025.50	1	8050
8100	0.0000205802691358	4050.50	1	8100
8150	0.0000207467447853	4075.50	1	8150
8200	0.0000208353670732	4100.50	1	8200
8250	0.0000209730424242	4125.50	1	8250
8300	0.0000212704156627	4150.50	1	8300
8350	0.0000212205185629	4175.50	1	8350
8400	0.0000213922476190	4200.50	1	8400
8450	0.0000216895218935	4225.50	1	8450
8500	0.0000215410235294	4250.50	1	8500
8550	0.0000216850678363	4275.50	1	8550
8600	0.0000217963500000	4300.50	1	8600
8650	0.0000219405699422	4325.50	1	8650
8700	0.0000220396827586	4350.50	1	8700
8750	0.0000222306217143	4375.50	1	8750
8800	0.0000223863761364	4400.50	1	8800
8850	0.0000225282079096	4425.50	1	8850
8900	0.0000226164719101	4450.50	1	8900
8950	0.0000227330871508	4475.50	1	8950
9000	0.0000228613644444	4500.50	1	9000
9050	0.0000229605535912	4525.50	1	9050
9100	0.0000231137571429	4550.50	1	9100
9150	0.0000231868131148	4575.50	1	9150
9200	0.0000234553554348	4600.50	1	9200
9250	0.0000237783491892	4625.50	1	9250
9300	0.0000236408032258	4650.50	1	9300
9350	0.0000237017871658	4675.50	1	9350
9400	0.0000238379127660	4700.50	1	9400
9450	0.0000239571640212	4725.50	1	9450
9500	0.0000240581905263	4750.50	1	9500
9550	0.0000241880858639	4775.50	1	9550
9600	0.0000243556510417	4800.50	1	9600
9650	0.0000244506891192	4825.50	1	9650
9700	0.0000245733371134	4850.50	1	9700
9750	0.0000247153312821	4875.50	1	9750
9800	0.0000248285153061	4900.50	1	9800
9850	0.0000249844771574	4925.50	1	9850
9900	0.0000251386979798	4950.50	1	9900
9950	0.0000256380743719	4975.50	1	9950
10000	0.0000253460250000	5000.50	1	10000
