1000	0.000001	500.50	1	1000
1050	0.000001	1002.17	1	1050
1100	0.000001	1507.11	1	1100
1150	0.000001	2017.09	1	1150
1200	0.000001	2533.54	1	1200
1250	0.000001	3057.70	1	1250
1300	0.000001	3590.60	1	1300
1350	0.000001	4133.11	1	1350
1400	0.000001	4686.00	1	1400
1450	0.000002	5249.91	1	1450
1500	0.000002	5825.42	1	1500
1550	0.000002	6413.00	1	1550
1600	0.000002	7013.09	1	1600
1650	0.000002	7626.08	1	1650
1700	0.000002	8252.28	1	1700
1750	0.000002	8892.00	1	1750
1800	0.000002	9545.50	1	1800
1850	0.000002	10213.01	1	1850
1900	0.000002	10894.75	1	1900
1950	0.000002	11590.90	1	1950
2000	0.000002	12301.62	1	2000
2050	0.000002	13027.09	1	2050
2100	0.000002	13767.42	1	2100
2150	0.000002	14522.74	1	2150
2200	0.000002	15293.18	1	2200
2250	0.000002	16078.83	1	2250
2300	0.000002	16879.79	1	2300
2350	0.000003	17696.15	1	2350
2400	0.000003	18527.98	1	2400
2450	0.000003	19375.36	1	2450
2500	0.000003	20238.35	1	2500
2550	0.000003	21117.02	1	2550
2600	0.000003	22011.42	1	2600
2650	0.000003	22921.61	1	2650
2700	0.000003	23847.64	1	2700
2750	0.000003	24789.55	1	2750
2800	0.000003	25747.38	1	2800
2850	0.000003	26721.17	1	2850
2900	0.000003	27710.96	1	2900
2950	0.000003	28716.78	1	2950
3000	0.000003	29738.67	1	3000
3050	0.000003	30776.65	1	3050
3100	0.000003	31830.75	1	3100
3150	0.000003	32901.00	1	3150
3200	0.000003	33987.42	1	3200
3250	0.000003	35090.04	1	3250
3300	0.000003	36208.87	1	3300
3350	0.000003	37343.94	1	3350
3400	0.000004	38495.26	1	3400
3450	0.000004	39662.86	1	3450
3500	0.000004	40846.75	1	3500
3550	0.000004	42046.94	1	3550
3600	0.000004	43263.46	1	3600
3650	0.000004	44496.31	1	3650
3700	0.000004	45745.51	1	3700
3750	0.000004	47011.07	1	3750
3800	0.000004	48293.00	1	3800
3850	0.000004	49591.32	1	3850
3900	0.000004	50906.03	1	3900
3950	0.000004	52237.15	1	3950
4000	0.000004	53584.69	1	4000
4050	0.000004	54948.65	1	4050
4100	0.000004	56329.04	1	4100
4150	0.000004	57725.88	1	4150
4200	0.000004	59139.17	1	4200
4250	0.000004	60568.91	1	4250
4300	0.000004	62015.12	1	4300
4350	0.000004	63477.80	1	4350
4400	0.000005	64956.97	1	4400
4450	0.000005	66452.61	1	4450
4500	0.000005	67964.75	1	4500
4550	0.000005	69493.38	1	4550
4600	0.000005	71038.52	1	4600
4650	0.000005	72600.17	1	4650
4700	0.000005	74178.32	1	4700
4750	0.000005	75773.00	1	4750
4800	0.000005	77384.20	1	4800
4850	0.000005	79011.92	1	4850
4900	0.000005	80656.18	1	4900
4950	0.000005	82316.97	1	4950
5000	0.000005	83994.30	1	5000
5050	0.000005	85688.17	1	5050
5100	0.000005	87398.59	1	5100
5150	0.000005	89125.56	1	5150
5200	0.000005	90869.09	1	5200
5250	0.000006	92629.17	1	5250
5300	0.000006	94405.81	1	5300
5350	0.000006	96199.01	1	5350
5400	0.000006	98008.78	1	5400
5450	0.000006	99835.11	1	5450
5500	0.000006	101678.02	1	5500
5550	0.000006	103537.50	1	5550
5600	0.000006	105413.56	1	5600
5650	0.000006	107306.20	1	5650
5700	0.000006	109215.42	1	5700
5750	0.000006	111141.22	1	5750
5800	0.000006	113083.60	1	5800
5850	0.000006	115042.58	1	5850
5900	0.000006	117018.14	1	5900
5950	0.000006	119010.29	1	5950
6000	0.000006	121019.04	1	6000
6050	0.000006	123044.38	1	6050
6100	0.000006	125086.32	1	6100
6150	0.000006	127144.86	1	6150
6200	0.000006	129220.00	1	6200
6250	0.000006	131311.74	1	6250
6300	0.000006	133420.08	1	6300
6350	0.000007	135545.03	1	6350
6400	0.000007	137686.59	1	6400
6450	0.000007	139844.75	1	6450
6500	0.000007	142019.52	1	6500
6550	0.000007	144210.90	1	6550
6600	0.000007	146418.89	1	6600
6650	0.000007	148643.50	1	6650
6700	0.000007	150884.72	1	6700
6750	0.000007	153142.56	1	6750
6800	0.000007	155417.01	1	6800
6850	0.000007	157708.08	1	6850
6900	0.000007	160015.76	1	6900
6950	0.000007	162340.07	1	6950
7000	0.000007	164681.00	1	7000
7050	0.000007	167038.55	1	7050
7100	0.000007	169412.72	1	7100
7150	0.000007	171803.52	1	7150
7200	0.000007	174210.94	1	7200
7250	0.000007	176634.98	1	7250
7300	0.000008	179075.65	1	7300
7350	0.000008	181532.95	1	7350
7400	0.000008	184006.88	1	7400
7450	0.000008	186497.43	1	7450
7500	0.000008	189004.62	1	7500
7550	0.000008	191528.43	1	7550
7600	0.000008	194068.88	1	7600
7650	0.000008	196625.95	1	7650
7700	0.000008	199199.66	1	7700
7750	0.000008	201790.00	1	7750
7800	0.000008	204396.97	1	7800
7850	0.000008	207020.58	1	7850
7900	0.000008	209660.83	1	7900
7950	0.000008	212317.70	1	7950
8000	0.000008	214991.22	1	8000
8050	0.000008	217681.37	1	8050
8100	0.000008	220388.16	1	8100
8150	0.000008	223111.58	1	8150
8200	0.000008	225851.65	1	8200
8250	0.000008	228608.35	1	8250
8300	0.000009	231381.69	1	8300
8350	0.000009	234171.67	1	8350
8400	0.000009	236978.29	1	8400
8450	0.000009	239801.55	1	8450
8500	0.000009	242641.46	1	8500
8550	0.000009	245498.00	1	8550
8600	0.000009	248371.19	1	8600
8650	0.000009	251261.01	1	8650
8700	0.000009	254167.49	1	8700
8750	0.000009	257090.60	1	8750
8800	0.000009	260030.36	1	8800
8850	0.000009	262986.76	1	8850
8900	0.000009	265959.81	1	8900
8950	0.000009	268949.50	1	8950
9000	0.000009	271955.83	1	9000
9050	0.000009	274978.81	1	9050
9100	0.000009	278018.44	1	9100
9150	0.000009	281074.72	1	9150
9200	0.000009	284147.64	1	9200
9250	0.000010	287237.20	1	9250
9300	0.000010	290343.42	1	9300
9350	0.000010	293466.28	1	9350
9400	0.000010	296605.79	1	9400
9450	0.000010	299761.94	1	9450
9500	0.000010	302934.75	1	9500
9550	0.000010	306124.20	1	9550
9600	0.000010	309330.31	1	9600
9650	0.000010	312553.06	1	9650
9700	0.000010	315792.46	1	9700
9750	0.000010	319048.51	1	9750
9800	0.000010	322321.21	1	9800
9850	0.000010	325610.57	1	9850
9900	0.000010	328916.57	1	9900
9950	0.000010	332239.22	1	9950
10000	0.000010	335578.53	1	10000
